1779459847656 1.5164019775390625 0
1779459849675 1.3956494140625 1
1779459851278 1.1508050537109376 2
1779459852884 0.9778775024414063 3
1779459854570 0.8295416259765624 4
1779459856252 0.7187350463867187 5
1779459857915 0.5902571105957031 6
1779459859464 0.5893545532226563 7
1779459861106 0.4849525451660156 8
1779459862858 0.3504456329345703 9
1779459864596 0.3031185150146484 10
1779459866277 0.2683903884887695 11
1779459867918 0.29305397033691405 12
1779459869526 0.23391647338867189 13
1779459871101 0.20685855865478517 14
1779459872511 0.19435203552246094 15
1779459874151 0.1728617286682129 16
1779459875832 0.12302011489868164 17
1779459877430 0.11493553161621094 18
1779459879030 0.10773311614990234 19
1779459880596 0.08683116912841797 20
1779459882048 0.10947654724121093 21
1779459883663 0.06389781951904297 22
1779459885288 0.06293634414672851 23
1779459886881 0.050513019561767576 24
1779459888486 0.051861000061035153 25
1779459890098 0.047219791412353516 26
1779459891685 0.042861614227294925 27
1779459893296 0.03979001998901367 28
1779459895001 0.03235383987426758 29
1779459896698 0.03111745834350586 30
1779459898322 0.03462490081787109 31
1779459900244 0.026805238723754884 32
1779459901842 0.025075454711914063 33
1779459903514 0.028779687881469725 34
1779459905102 0.025124349594116212 35
1779459906508 0.025606088638305664 36
1779459908114 0.026170110702514647 37
1779459909777 0.02033344268798828 38
1779459911379 0.025588483810424806 39
1779459912928 0.02228046417236328 40
1779459914527 0.021706862449645994 41
1779459916156 0.019688446521759034 42
1779459917729 0.020992798805236815 43
1779459919198 0.021522693634033203 44
1779459920741 0.016663713455200194 45
1779459922364 0.01606041431427002 46
1779459923970 0.016667861938476563 47
1779459925553 0.018836307525634765 48
1779459926965 0.016647586822509764 49
1779459928578 0.015084590911865235 50
1779459930211 0.01597170829772949 51
1779459931788 0.014580969810485839 52
1779459933372 0.014757475852966308 53
1779459934934 0.014318246841430664 54
1779459936575 0.013122234344482422 55
1779459938203 0.01336599349975586 56
1779459939742 0.01575174808502197 57
1779459941271 0.013549718856811523 58
1779459942899 0.012529311180114746 59
1779459944479 0.011192755699157715 60
1779459946129 0.011278374195098877 61
1779459947763 0.01202857494354248 62
1779459949359 0.01248310089111328 63
1779459950973 0.010061984062194823 64
1779459952594 0.012016496658325194 65
1779459954227 0.010724444389343262 66
1779459955773 0.01143817901611328 67
1779459957289 0.011314826011657715 68
1779459958902 0.009466238021850586 69
1779459960495 0.011630005836486816 70
1779459962168 0.009221291542053223 71
1779459963745 0.012226104736328125 72
1779459965338 0.008776607513427735 73
1779459966975 0.009999570846557617 74
1779459968554 0.009416937828063965 75
1779459970126 0.008172760009765625 76
1779459971671 0.008244733810424804 77
1779459973208 0.009496374130249024 78
1779459974734 0.00982994556427002 79
1779459976303 0.009558234214782715 80
1779459977946 0.009533185958862305 81
1779459979552 0.00745572566986084 82
1779459981172 0.00734405517578125 83
1779459982747 0.007498362064361572 84
1779459984233 0.007567169666290283 85
1779459985827 0.007195529937744141 86
1779459987469 0.008024477958679199 87
1779459989151 0.008406262397766113 88
1779459990581 0.0069417119026184086 89
1779459992262 0.006661584377288818 90
1779459993823 0.008086819648742676 91
1779459995422 0.005440254211425782 92
1779459997098 0.005666205883026123 93
1779459998677 0.006185603141784668 94
1779460000315 0.006504250764846802 95
1779460001874 0.006158325672149658 96
1779460003354 0.006754231452941894 97
1779460004910 0.005295848846435547 98
1779460006526 0.005753068923950195 99
