1779459848013 1.5164019775390625 0
1779459849696 1.3956494140625 1
1779459851303 1.1508050537109376 2
1779459852904 0.9778775024414063 3
1779459854593 0.8295416259765624 4
1779459856273 0.7187350463867187 5
1779459857938 0.5902571105957031 6
1779459859490 0.5893545532226563 7
1779459861130 0.4849525451660156 8
1779459862884 0.3504456329345703 9
1779459864618 0.3031185150146484 10
1779459866299 0.2683903884887695 11
1779459869547 0.23391647338867189 13
1779459871123 0.20685855865478517 14
1779459872534 0.19435203552246094 15
1779459874174 0.1728617286682129 16
1779459875855 0.12302011489868164 17
1779459877451 0.11493553161621094 18
1779459879051 0.10773311614990234 19
1779459880617 0.08683116912841797 20
1779459883685 0.06389781951904297 22
1779459885311 0.06293634414672851 23
1779459886904 0.050513019561767576 24
1779459890124 0.047219791412353516 26
1779459891707 0.042861614227294925 27
1779459893323 0.03979001998901367 28
1779459895024 0.03235383987426758 29
1779459896721 0.03111745834350586 30
1779459900282 0.026805238723754884 32
1779459901864 0.025075454711914063 33
1779459909802 0.02033344268798828 38
1779459916178 0.019688446521759034 42
1779459920761 0.016663713455200194 45
1779459922386 0.01606041431427002 46
1779459928604 0.015084590911865235 50
1779459931810 0.014580969810485839 52
1779459934956 0.014318246841430664 54
1779459936597 0.013122234344482422 55
1779459942925 0.012529311180114746 59
1779459944501 0.011192755699157715 60
1779459951001 0.010061984062194823 64
1779459958925 0.009466238021850586 69
1779459962193 0.009221291542053223 71
1779459965361 0.008776607513427735 73
1779459970147 0.008172760009765625 76
1779459979575 0.00745572566986084 82
1779459981196 0.00734405517578125 83
1779459985850 0.007195529937744141 86
1779459990603 0.0069417119026184086 89
1779459992285 0.006661584377288818 90
1779459995463 0.005440254211425782 92
1779460004933 0.005295848846435547 98
